steer_gain: 1.2
throttle_base: 0.3
throttle_gain: 0.8
brake_dist: 0.3
throttle_min: 0.0
mean_reward: -4.9738287925720215
std_reward: 0.0
mean_checkpoints: 3.0
collision_rate: 1.0
mean_speed: 83.90960693359375
