# Exp D: Wall contact on Track3 (control experiment)
# Physics-only bounce (no penalty) -- same as Exp AA which had cleanest signal
car:
  accel_boost: 0.05
  air_drag: 0.004
  angular_damping: 0.6
  engine_power: 200.0
  height: 20.0
  lateral_friction: 1.3
  mass: 1.0
  max_speed: 360.0
  rolling_friction: 0.03
  steering_min_factor: 0.02
  steering_power: 900.0
  steering_speed_ref: 450.0
  throttle_response: 0.05
  turning_drag: 0.7
  width: 40.0
checkpoint_reward: 1.0
collision_penalty: 0.0
terminate_on_collision: false
wall_contact_penalty: 0.0
max_checkpoint_skip: 10
grid:
  camera_height: 50.0
  camera_pitch: 45.0
  far_distance: 200.0
  fov_horizontal: 60.0
  grid_size: 36
  near_distance: 30.0
lidar:
  max_distance: 400.0
  num_rays: 9
  ray_angles:
  - -90.0
  - -67.5
  - -45.0
  - -22.5
  - 0.0
  - 22.5
  - 45.0
  - 67.5
  - 90.0
max_episode_steps: 2000
obs_type: grid
physics_dt: 0.016666666666666666
progress_reward_scale: 0.75
random_start: true
random_start_lateral_fraction: 1.0
render:
  background_color:
  - 30
  - 30
  - 30
  car_color:
  - 0
  - 100
  - 255
  fps: 60
  lidar_clear_color:
  - 0
  - 255
  - 0
  lidar_hit_color:
  - 255
  - 0
  - 0
  screen_height: 600
  screen_width: 800
  show_lidar: true
  wall_color:
  - 100
  - 100
  - 100
slowdown_distance: 0.0
slowdown_penalty_scale: 0.0
speed_bonus_scale: 0.05
time_penalty: -0.0
track:
  custom:
    nodes:
    - radius: 5.831771056897203
      x: 270.5130315500686
      y: 132.94513031550062
    - radius: 70.0
      x: 509.1961591220851
      y: 382.6021947873799
    - radius: 44.327024012397835
      x: 850.7599451303155
      y: 135.68861454046635
    - radius: 50.0
      x: 624.4224965706447
      y: 541.7242798353908
    - radius: 67.93216626530378
      x: 700.0
      y: 725.0
    - radius: 65.53390348397765
      x: 300.0
      y: 725.0
    - radius: 50.0
      x: 392.59807956104254
      y: 485.48285322359385
    - radius: 50.0
      x: 142.94101508916327
      y: 464.9067215363511
    num_checkpoints: 64
    start_node_index: 0
    start_offset: 0.0
    width: 100.0
  track_type: custom
